   5.3938401e+00
   5.7627081e+00
   6.3140725e+00
   5.4595323e+00
   5.5333646e+00
   5.6298668e+00
   5.4589950e+00
   5.2801604e+00
   5.5709419e+00
   4.3413049e+00
   5.9495985e+00
   5.5462953e+00
   3.6754252e+00
   4.7036488e+00
   5.3836359e+00
   2.0229110e+00
   5.7004318e+00
   3.2349059e+00
   5.9727933e+00
   5.3129959e+00
   2.5746746e+00
   5.9573136e+00
   6.0114712e+00
   5.9655043e+00
   5.7857737e+00
   5.7238219e+00
   6.1464115e+00
   2.0878052e+00
   5.0625666e+00
   5.8471278e+00
   5.5380836e+00
   4.4394664e+00
   2.7094697e+00
   5.7689005e+00
   5.2722319e+00
   5.7828702e+00
   4.5893916e+00
   3.5514502e+00
   5.6302306e+00
   5.9864790e+00
